-3.126253
-3.075631
-3.038816
-3.061059
-3.112447
-3.141593
-3.106311
-3.051855
-3.041884
-3.090971
-3.13469
-3.130855
-3.090204
-3.045719
-3.054156
-3.114748
-3.133923
-3.092505
-3.053389
-3.051855
-3.089437
-3.130088
-3.123952
-3.085602
-3.049554
-3.066427
-3.106311
-3.130855
-3.108612
-3.06566
-3.049554
-3.071796
-3.116282
-3.127787
-3.104777
-3.057224
-3.05569
-3.092505
-3.123185
-3.120117
-3.083301
-3.054923
-3.06566
-3.098641
-3.123185
-3.115515
-3.084068
-3.058758
3.116282
2.862408
2.600097
2.261088
2.08468
1.866855
1.457282
1.237923
1.079156
0.9341944
0.7976701
0.6665148
0.5522332
0.4617283
0.406505
0.3666215
0.2998933
0.245437
0.2024856
0.1395923
0.1150486
0.09970883
0.08436903
0.04985446
0.03528165
0.0467865
0.05445641
0.05982534
0.05982534
0.05675738
0.05599038
0.05522339
0.05368942
0.05368942
0.05752436
0.0628933
0.0628933
0.05905835
0.06135932
0.06135932
0.06135932
0.05982534
0.05829136
0.0628933
0.04908747
0.5875147
-3.128554
-1.188068
-1.041573
-2.91533
3.04802
1.107534
0.4456215
0.727107
2.353894
-2.409884
-1.792457
-1.504835
2.483515
1.127476
1.402058
-2.972855
-1.889864
-2.518796
2.25035
2.937573
2.886952
-2.523398
-1.882194
-3.044952
2.047097
2.685233
-2.233476
-2.797981
2.603166
2.596263
2.793379
-1.965796
-1.939719
3.06336
2.541806
2.72435
-2.686
-3.115515
3.080234
-3.078699
2.877748
-2.435961
-2.427524
2.564816
2.353127
3.095573
-2.864709
-2.650719
-2.932971
-3.057224
2.647651
2.657622
-2.746592
-2.358495
-2.740456
3.089437
2.771137
2.728952
-3.123952
-2.457437
-2.925301
2.833263
2.670661
3.008904
-2.586291
-2.57632
-3.097874
2.720515
2.793379
-3.090204
-2.634612
-2.625408
-3.079466
2.817923
2.778039
-3.051088
-2.620039
-2.719748
3.079467
2.784175
3.04802
-2.838631
-2.633845
-2.893088
2.989729
2.808719
3.026544
-2.886185
-2.677563
-2.944476
3.002001
2.842467
3.001234
-2.942175
-2.707476
-2.881583
3.06336
2.884651
3.038816
-2.93834
-2.741224
-2.916864
3.011971
2.903826
3.062593
-2.942175
-2.77267
-2.971321
3.011204
2.936039
3.11935
-2.89769
-2.852437
3.123185
2.966719
2.982059
-3.092505
-2.902292
-2.843233
-3.069495
2.990496
2.998166
3.132389
-2.94601
-2.880816
-3.044185
3.048787
3.015806
3.132389
-2.977457
-2.899224
-2.996631
3.077166
3.043418
-3.122418
-2.992796
-2.93067
-3.05569
3.064894
3.05569
-3.09634
-2.983593
-2.962884
-3.074097
3.089437
3.075632
-3.130088
-3.014272
-2.98666
-3.02501
-3.13469
3.094039
3.127787
-3.060292
-3.003534
-3.057991
3.136991
3.116282
-3.105544
-3.036515
-3.00967
-3.054923
-3.123952
3.12702
-3.097107
-3.03268
-3.011971
-3.077932
-3.139292
3.132389
-3.090971
-3.029612
-3.019641
-3.099408
3.133923
-3.130088
-3.04802
-3.021175
-3.066427
-3.140826
-3.133156
-3.081767
-3.03268
-3.026544
-3.071796
-3.130088
-3.132389
-3.071796
-3.030379
-3.044952
-3.095573
-3.136991
-3.120117
-3.062593
-3.029612
-3.047253
-3.102476
-3.13469
-3.112447
-3.051088
-3.03268
-3.059525
-3.113981
-3.132389
-3.109379
-3.057224
-3.041117
-3.077165
-3.117049
-3.125486
-3.086369
-3.048787
-3.050321
-3.093272
-3.122418
-3.115515
-3.067961
-3.042651
-3.064126
-3.109379
-3.121651
-3.094806
-3.058758
-3.046486
-3.070262
-3.112447
-3.116282
-3.092505
-3.061826
-3.049554
-3.067194
-3.101709
-3.114748
-3.090971
-3.062593
-3.052622
-3.076398
-3.107078
-3.107845
-3.070262
-3.05569
-3.064126
-3.090204
-3.109379
-3.100942
-3.067961
-3.058758
-3.07333
-3.102476
-3.104777
-3.087136
-3.067194
-3.066427
-3.084835
-3.101709
-3.100175
-3.084068
-3.066427
-3.067961
-3.087903
-3.100942
-3.094039
-3.077932
-3.066427
-3.071029
-3.089437
-3.099408
-3.094806
-3.078699
-3.067961
-3.074097
-3.08867
-3.097107
-3.090971
-3.075631
-3.071029
-3.079466
-3.091738
-3.092505
-3.081767
-3.074097
-3.077165
-3.086369
-3.092505
-3.089437
-3.077932
-3.074864
-3.079466
-3.087903
-3.090971
-3.085602
-3.078699
-3.077165
-3.082534
-3.08867
-3.086369
-3.081767
-3.079466
-3.082534
-3.086369
-3.086369
-3.082534
-3.080233
-3.081767
-3.084068
-3.084835
-3.084835
-3.082534
-3.081767
-3.082534
-3.083301
-3.083301
-3.083301
-3.083301
-3.083301
-3.083301
-3.083301
-3.083301
-3.083301
-3.083301
-3.083301
-3.083301
-3.083301
-3.083301
-3.083301
-3.083301
-3.083301
-3.083301
-3.083301
-3.083301
-3.083301
-3.083301
-3.083301
-3.083301
-3.083301
-3.083301
-3.083301
-3.083301
-3.083301