0.0
0.0
0.0
0.0
0.0
0.0
0.0
0.0
0.0
0.0
0.0
0.0
0.0
0.0
0.0
0.0
0.0
0.0
0.0
0.0
0.0
0.0
0.0
0.0
0.0
0.0
0.0
0.0
0.0
0.0
0.0
0.0
0.0
0.0
0.0
0.0
0.0
0.0
0.0
0.0
0.0
0.0
0.0
0.0
0.0
0.0
0.0
0.0
0.0
0.0
0.0
0.0
0.0
0.0
0.0
0.0
0.0
0.0
0.0
0.0
0.0
0.0
0.0
0.0
0.0
0.0
0.0
0.0
0.0
0.0
0.0
0.0
0.0
0.0
0.0
0.0
0.0
0.0
0.0
0.0
0.0
0.0
0.0
0.0
0.0
0.0
0.0
0.0
0.0
0.0
0.0
0.0
0.0
0.0
0.0
-0.04594579
0.03063053
0.03063053
0.03063053
0.03063053
0.02042035
0.02042035
0.02042035
0.02042035
-0.09699667
0.03573562
0.03063053
0.234834
0.06636614
0.06636614
-0.03573562
-0.01021018
0.06636614
0.06636614
-0.05105088
-0.05105088
-0.05105088
-0.04594579
-0.04594579
-0.04594579
-0.04594579
-0.04594579
-0.04084071
0.02552544
0.02552544
0.02042035
0.02552544
0.02552544
0.02552544
0.02042035
0.02042035
0.02042035
0.02552544
0.02552544
0.02552544
0.02042035
0.02042035
0.02042035
0.02042035
0.02042035
0.02042035
0.02042035
0.02042035
0.02042035
0.02042035
0.02042035
0.02042035
0.02042035
0.02042035
0.02042035
0.02042035
0.02042035
0.02042035
0.02042035
0.02042035
0.02042035
0.02042035
0.02042035
0.02042035
0.02042035
0.02042035
0.02042035
0.02042035
0.02042035
0.02042035
0.02042035
0.02042035
0.02042035
0.02042035
0.02042035
0.02042035
0.02042035
0.02042035
0.02042035
0.02042035
0.02042035
0.02042035
0.02042035
0.02042035
0.02042035
0.02042035
0.02042035
0.02042035
0.02042035
0.02042035
0.02042035
0.02042035
0.02042035
0.02042035
0.02042035
0.02042035
0.02042035
0.02042035
0.02042035
0.02042035
0.02042035
0.02042035
0.02042035
0.02042035
0.02042035
0.02042035
0.02042035
0.02042035
0.02042035
0.02042035
0.02042035
0.02042035
0.02042035
0.02042035
0.02042035
0.02042035
0.02042035
0.02042035
0.02042035
0.02042035
0.02042035
0.02042035
0.02042035
0.02042035
0.02042035
0.02042035
0.02042035
0.02042035
0.02042035
0.02042035
0.02042035
0.02042035
0.02042035
0.02042035
0.02042035
0.02042035
0.02042035
0.02042035
0.02042035
0.02042035
0.02042035
0.02042035
0.02042035
0.02042035
0.02042035
0.02042035
0.02042035
0.02042035
0.02042035
0.02042035
0.02042035
0.02042035
0.02042035
0.02042035
0.02042035
0.02042035
0.02042035
0.02042035
0.02042035
0.02042035
0.02042035
0.02042035
0.02042035
0.02042035
0.02042035
0.02042035
0.02042035
0.02042035
0.02042035
0.02042035
0.02042035
0.02042035
0.02042035
0.02042035
0.02042035
0.02042035
0.02042035
0.02042035
0.02042035
0.02042035
0.02042035
0.02042035
0.02042035
0.02042035
0.02042035
0.02042035
0.02042035
0.02042035
0.02042035
0.02042035
0.02042035
0.02042035
0.02042035
0.02042035
0.02042035
0.02042035
0.02042035
0.02042035
0.02042035
0.02042035
0.02042035
0.02042035
0.02042035
0.02042035
0.02042035
0.02042035
0.02042035
0.02042035
0.02042035
0.02042035
0.02042035
0.02042035
0.02042035
0.02042035
0.02042035
0.02042035
0.02042035
0.02042035
0.02042035
0.02042035
0.02042035
0.02042035
0.02042035
0.02042035
0.02042035
0.02042035
0.02042035
0.02042035
0.02042035
0.02042035
0.02042035
0.02042035
0.02042035
0.02042035
0.02042035
0.02042035
0.02042035
0.02042035
0.02042035
0.02042035
0.02042035
0.02042035
0.02042035
0.02042035
0.02042035
0.02042035
0.02042035
0.02042035
0.02042035
0.02042035
0.02042035
0.02042035
0.02042035
0.02042035
0.02042035
0.02042035
0.02042035
0.02042035
0.02042035
0.02042035
0.02042035
0.02042035
0.02042035
0.02042035
0.02042035
0.02042035
0.02042035
0.02042035
0.02042035
0.02042035
0.02042035
0.02042035
0.02042035
0.02042035
0.02042035
0.02042035
0.02042035
0.02042035
0.02042035
0.02042035
0.02042035
0.02042035
0.02042035
0.02042035
0.02042035
0.02042035
0.02042035
0.02042035
0.02042035
0.02042035
0.02042035
0.02042035
0.02042035
0.02042035
0.02042035
0.02042035
0.02042035
0.02042035
0.02042035
0.02042035
0.02042035
0.02042035
0.02042035
0.02042035
0.02042035
0.02042035
0.02042035
0.02042035
0.02042035
0.02042035
0.02042035
0.02042035
0.02042035
0.02042035
0.02042035
0.02042035
0.02042035
0.02042035
0.02042035
0.02042035
0.02042035
0.02042035
0.02042035
0.02042035
0.02042035
0.02042035
0.02042035
0.02042035
0.02042035
0.02042035
0.02042035
0.02042035
0.02042035
0.02042035
0.02042035
0.02042035
0.02042035
0.02042035