-3.126253
-3.075631
-3.038816
-3.061059
-3.112447
-3.141593
-3.106311
-3.051855
-3.041884
-3.090971
-3.13469
-3.130855
-3.090204
-3.045719
-3.054156
-3.114748
-3.133923
-3.092505
-3.053389
-3.051855
-3.089437
-3.130088
-3.123952
-3.085602
-3.049554
-3.066427
-3.106311
-3.130855
-3.108612
-3.06566
-3.049554
-3.071796
-3.116282
-3.127787
-3.104777
-3.057224
-3.05569
-3.092505
-3.123185
-3.120117
-3.083301
-3.054923
-3.06566
-3.098641
-3.123185
-3.115515
-3.084068
-3.058758
3.116282
2.860874
2.598563
2.259554
2.083146
1.865321
1.455748
1.236389
1.077622
0.9326604
0.7930682
0.6619128
0.5491652
0.4586603
0.403437
0.3650875
0.2983594
0.243903
0.2009516
0.1380584
0.1135147
0.09817486
0.08283505
0.0467865
0.03221368
0.04525252
0.05292242
0.05829136
0.06135932
0.05982534
0.05905835
0.05829136
0.05829136
0.05829136
0.06059233
0.06596126
0.06596126
0.06519427
0.06596126
0.06442728
0.06442728
0.06442728
0.0628933
0.06749524
0.05368941
0.5905827
-3.123952
-1.180398
-1.027767
-2.899991
3.067962
1.12901
0.4701652
0.7531847
2.383039
-2.382272
-1.767913
-1.480291
2.501923
1.145884
1.420466
-2.951379
-1.869923
-2.501923
2.261088
2.945243
2.891554
-2.52033
-1.879126
-3.046486
2.042495
2.680631
-2.241146
-2.807185
2.590894
2.582457
2.778039
-1.976534
-1.950457
3.051088
2.529534
2.712078
-2.698272
-3.130855
3.061826
-3.098641
2.856272
-2.455903
-2.444398
2.546408
2.334719
3.077166
-2.886185
-2.673728
-2.955981
-3.078699
2.624641
2.634612
-2.769602
-2.381505
-2.765
3.066428
2.749661
2.707476
3.136224
-2.480447
-2.948311
2.811787
2.649185
2.987428
-2.607767
-2.597796
-3.117816
2.702107
2.774971
-3.108612
-2.65302
-2.642282
-3.09634
2.801049
2.761166
-3.067961
-2.636913
-2.736622
3.064127
2.768835
3.03268
-2.853971
-2.649185
-2.908427
2.974389
2.793379
3.011204
-2.901525
-2.691369
-2.958282
2.989729
2.830195
2.988962
-2.954447
-2.719748
-2.893855
3.051088
2.873913
3.026544
-2.950612
-2.753495
-2.927602
3.002768
2.894622
3.051855
-2.952913
-2.783408
-2.980525
3.002001
2.926836
3.110146
-2.906893
-2.858573
3.117049
2.960583
2.975923
-3.098641
-2.909961
-2.849369
-3.074097
2.987428
2.995098
3.129321
-2.950612
-2.883884
-3.047253
3.045719
3.012738
3.129321
-2.980525
-2.902292
-2.999699
3.074098
3.04035
-3.125486
-2.995864
-2.933738
-3.058758
3.061826
3.052622
-3.099408
-2.98666
-2.967486
-3.078699
3.084836
3.07103
-3.137758
-3.021942
-2.99433
-3.031146
-3.140826
3.087903
3.121651
-3.067961
-3.011204
-3.067194
3.129321
3.108612
-3.113214
-3.044185
-3.01734
-3.062593
-3.131622
3.11935
-3.104777
-3.04035
-3.019641
-3.085602
3.136224
3.124719
-3.098641
-3.037282
-3.027311
-3.107078
3.126253
-3.137758
-3.05569
-3.028845
-3.074097
3.13469
-3.140826
-3.089437
-3.04035
-3.034214
-3.079466
-3.137758
-3.140059
-3.079466
-3.038049
-3.052622
-3.103243
3.138525
-3.127787
-3.070262
-3.037282
-3.054923
-3.110146
3.140826
-3.120117
-3.058758
-3.04035
-3.067194
-3.121651
-3.140059
-3.117049
-3.064893
-3.048787
-3.084835
-3.124719
-3.133156
-3.094039
-3.056457
-3.057991
-3.100942
-3.130088
-3.123185
-3.075631
-3.050321
-3.071796
-3.117049
-3.129321
-3.102476
-3.066427
-3.054156
-3.077932
-3.120117
-3.123952
-3.100175
-3.069495
-3.057224
-3.074864
-3.109379
-3.122418
-3.098641
-3.070262
-3.060292
-3.084068
-3.114748
-3.115515
-3.077932
-3.063359
-3.071796
-3.097874
-3.117049
-3.108612
-3.075631
-3.066427
-3.081
-3.110146
-3.112447
-3.094806
-3.074864
-3.074097
-3.092505
-3.109379
-3.107845
-3.091738
-3.074097
-3.075631
-3.095573
-3.108612
-3.101709
-3.085602
-3.074097
-3.078699
-3.097107
-3.107078
-3.102476
-3.086369
-3.075631
-3.081767
-3.09634
-3.104777
-3.098641
-3.083301
-3.078699
-3.087136
-3.099408
-3.100175
-3.089437
-3.081767
-3.084835
-3.094039
-3.100175
-3.097107
-3.085602
-3.082534
-3.087136
-3.095573
-3.098641
-3.093272
-3.086369
-3.084835
-3.090204
-3.09634
-3.094039
-3.089437
-3.087136
-3.090204
-3.094039
-3.094039
-3.090204
-3.087903
-3.089437
-3.091738
-3.092505
-3.092505
-3.090204
-3.089437
-3.090204
-3.090971
-3.090971
-3.090971
-3.090971
-3.090971
-3.090971
-3.090971
-3.090971
-3.090971
-3.090971
-3.090971
-3.090971
-3.090971
-3.090971
-3.090971
-3.090971
-3.090971
-3.090971
-3.090971
-3.090971
-3.090971
-3.090971
-3.090971
-3.090971
-3.090971
-3.090971
-3.090971
-3.090971
-3.090971